* Distortion data saved by REW V5.31.2
* Dated: Aug 3, 2024 2:51:13 PM
* Source: C:\Users\reclinarka\Documents\0_response_mes.wav. Timing signal peak level -7.3 dBFS, measurement signal peak level -7.8 dBFS
* Format: 256k Log Swept Sine, 1 sweep using an acoustic timing reference
* Measurement: 0_response_mes
* Frequency Step: 24 ppo
* Freq (Hz) Fundamental (dB) THD (dBr) Noise (dBr) H2 (dBr) H3 (dBr) H4 (dBr) H5 (dBr) H6 (dBr) H7 (dBr) H8 (dBr) H9 (dBr)
10.000 71.453 -8.043 -36.078 -38.704 -16.689 -53.008 -15.843 -39.079 -10.501 -43.839 -16.981
10.300 72.169 -8.226 -40.755 -39.408 -16.622 -53.730 -15.774 -40.825 -10.840 -46.315 -17.079
10.600 72.865 -8.501 -41.451 -40.353 -16.571 -54.309 -15.742 -42.481 -11.319 -45.467 -17.314
10.900 73.555 -8.850 -42.140 -41.433 -16.540 -54.774 -15.773 -43.927 -11.913 -42.402 -17.664
11.200 74.235 -9.241 -42.821 -42.523 -16.520 -55.184 -15.864 -45.025 -12.578 -38.484 -18.119
11.500 74.905 -9.641 -43.491 -43.498 -16.501 -55.596 -15.991 -45.640 -13.270 -35.074 -18.673
11.800 75.563 -10.028 -44.149 -44.236 -16.473 -56.076 -16.132 -45.623 -13.953 -33.459 -19.324
12.200 76.426 -10.572 -45.012 -44.841 -16.434 -57.014 -16.363 -44.252 -14.931 -33.277 -20.380
12.500 77.062 -10.987 -45.647 -45.131 -16.409 -57.758 -16.565 -42.484 -15.714 -33.930 -21.286
12.800 77.683 -11.384 -46.269 -45.385 -16.386 -58.315 -16.778 -40.424 -16.509 -35.000 -22.252
13.200 78.484 -11.857 -47.506 -45.826 -16.356 -58.418 -17.064 -37.752 -17.540 -36.674 -23.593
13.600 79.250 -12.265 -48.827 -46.247 -16.330 -57.423 -17.357 -35.840 -18.491 -38.742 -25.049
14.000 79.987 -12.627 -49.564 -46.650 -16.315 -55.733 -17.669 -34.966 -19.385 -41.341 -26.554
14.500 80.876 -13.039 -50.453 -47.635 -16.317 -53.735 -18.096 -34.538 -20.476 -44.830 -28.386
15.000 81.737 -13.435 -51.314 -50.041 -16.346 -52.831 -18.573 -34.792 -21.584 -48.247 -30.251
15.500 82.564 -13.817 -52.141 -53.756 -16.390 -52.565 -19.103 -35.682 -22.717 -51.830 -31.959
16.000 83.367 -14.194 -52.944 -56.292 -16.462 -52.449 -19.695 -37.326 -23.866 -55.225 -33.338
16.500 84.154 -14.587 -54.109 -55.469 -16.576 -52.257 -20.367 -39.847 -25.063 -58.511 -34.469
17.000 84.921 -14.983 -54.876 -52.310 -16.712 -52.138 -21.109 -42.822 -26.334 -61.771 -35.325
17.500 85.662 -15.363 -55.617 -49.371 -16.847 -51.836 -21.934 -45.803 -27.684 -63.515 -35.794
18.000 86.373 -15.716 -56.327 -48.226 -16.967 -51.256 -22.853 -48.732 -29.051 -62.447 -36.077
18.500 87.055 -16.046 -57.009 -47.871 -17.085 -50.466 -23.864 -51.888 -30.378 -59.353 -36.451
19.000 87.716 -16.363 -57.670 -47.613 -17.210 -49.247 -24.980 -54.917 -31.706 -56.024 -36.832
19.500 88.354 -16.669 -55.114 -47.252 -17.349 -47.256 -26.207 -57.442 -33.010 -53.109 -37.387
20.000 88.971 -16.941 -55.730 -46.934 -17.485 -44.761 -27.481 -59.204 -34.202 -50.124 -38.244
20.600 89.698 -17.247 -56.457 -46.058 -17.665 -42.261 -29.094 -60.654 -35.472 -47.323 -39.559
21.200 90.415 -17.596 -57.174 -44.240 -17.934 -40.453 -30.697 -61.947 -36.602 -45.570 -41.121
21.800 91.117 -18.051 -57.877 -42.270 -18.349 -39.307 -32.233 -63.779 -37.462 -44.661 -42.917
22.400 91.806 -18.606 -58.917 -40.967 -18.886 -39.155 -33.693 -66.425 -37.946 -44.629 -44.504
23.000 92.481 -19.264 -59.592 -40.070 -19.537 -39.884 -35.053 -68.432 -38.191 -45.457 -45.891
23.600 93.134 -20.024 -60.245 -39.416 -20.296 -41.318 -36.377 -68.169 -38.403 -47.002 -46.996
24.300 93.862 -21.075 -60.973 -39.052 -21.359 -44.092 -37.896 -64.060 -38.479 -49.963 -47.850
25.000 94.575 -22.218 -65.065 -38.657 -22.537 -47.031 -39.411 -58.767 -38.736 -52.977 -48.572
25.800 95.378 -23.497 -66.083 -37.893 -23.876 -50.108 -41.112 -55.377 -39.704 -55.960 -49.314
26.500 96.073 -24.605 -66.778 -37.105 -25.070 -52.466 -42.483 -54.286 -40.961 -57.950 -49.981
27.200 96.766 -25.682 -67.471 -36.150 -26.301 -54.330 -43.749 -53.492 -42.553 -58.949 -50.605
28.000 97.542 -26.818 -73.479 -35.232 -27.700 -56.163 -45.046 -51.741 -44.781 -60.050 -50.878
29.000 98.479 -28.151 -74.416 -34.580 -29.510 -58.163 -46.474 -49.640 -47.161 -62.110 -50.900
30.000 99.360 -29.648 -75.297 -34.520 -31.664 -59.677 -47.634 -49.809 -49.133 -63.559 -50.952
30.700 99.951 -30.745 -74.562 -34.709 -33.331 -60.236 -48.307 -51.076 -50.514 -63.621 -51.571
31.500 100.614 -31.810 -72.380 -34.912 -35.140 -59.739 -48.962 -53.627 -52.055 -60.785 -52.888
32.500 101.444 -32.856 -73.211 -35.079 -37.336 -58.462 -49.433 -59.271 -53.903 -57.038 -55.475
33.500 102.295 -33.416 -74.062 -35.030 -39.194 -57.075 -49.386 -62.700 -55.467 -55.667 -58.562
34.500 103.130 -33.673 -75.356 -34.904 -40.680 -56.148 -49.239 -62.018 -56.190 -56.665 -60.708
35.500 103.927 -33.839 -76.153 -34.978 -41.157 -55.079 -49.617 -61.952 -56.409 -59.832 -61.227
36.500 104.670 -34.056 -77.599 -35.446 -40.426 -53.518 -50.774 -63.513 -56.190 -64.753 -60.060
37.500 105.346 -34.302 -80.086 -36.418 -38.971 -51.908 -52.111 -63.902 -56.905 -67.992 -58.710
38.700 106.073 -33.364 -80.813 -36.787 -36.330 -50.816 -52.101 -62.439 -57.689 -69.421 -57.654
40.000 106.763 -32.209 -78.371 -36.234 -34.683 -50.534 -50.530 -60.856 -56.026 -73.002 -56.915
41.200 107.316 -31.055 -78.924 -36.265 -33.125 -49.952 -43.731 -59.402 -52.610 -78.711 -56.963
42.500 107.820 -28.420 -79.440 -38.294 -29.684 -47.912 -37.359 -57.814 -49.709 -67.408 -55.715
43.700 108.202 -25.441 -79.843 -41.911 -26.306 -46.579 -33.920 -57.451 -48.073 -62.277 -52.080
45.000 108.532 -22.296 -80.173 -44.566 -22.813 -46.904 -32.534 -57.339 -45.282 -59.913 -48.320
46.200 108.762 -20.089 -79.156 -47.291 -20.375 -48.679 -33.039 -54.893 -41.569 -59.910 -46.703
47.500 108.939 -18.181 -79.334 -51.842 -18.325 -51.722 -35.182 -52.567 -38.308 -59.947 -46.046
48.700 109.054 -16.835 -79.435 -54.308 -16.923 -52.825 -37.965 -51.273 -36.829 -59.319 -45.588
50.000 109.141 -15.681 -79.522 -50.987 -15.749 -49.542 -38.514 -50.800 -36.636 -59.169 -45.258
51.500 109.206 -14.628 -84.032 -50.079 -14.702 -47.833 -34.506 -51.242 -38.057 -59.824 -45.243
53.000 109.254 -13.773 -84.080 -51.814 -13.887 -48.320 -30.260 -52.362 -41.048 -61.538 -44.347
54.500 109.296 -13.075 -82.967 -51.308 -13.251 -48.631 -27.325 -53.466 -44.404 -61.658 -43.787
56.000 109.335 -12.563 -82.859 -47.466 -12.797 -48.756 -25.509 -54.708 -45.523 -61.232 -44.495
58.000 109.372 -12.117 -84.951 -43.890 -12.416 -48.710 -24.038 -55.486 -42.823 -67.912 -46.450
60.000 109.378 -11.839 -84.865 -41.586 -12.197 -45.702 -23.050 -52.952 -39.703 -66.746 -49.749
61.500 109.367 -11.672 -84.134 -40.712 -12.066 -43.746 -22.523 -51.108 -37.978 -65.800 -51.655
63.000 109.347 -11.524 -84.170 -40.238 -11.944 -42.992 -22.130 -50.348 -36.702 -64.192 -54.512
65.000 109.317 -11.367 -84.143 -39.524 -11.816 -43.240 -21.724 -50.518 -35.507 -64.013 -57.312
67.000 109.303 -11.282 -86.366 -39.154 -11.754 -43.387 -21.453 -50.755 -34.618 -67.047 -62.262
69.000 109.285 -11.227 -84.696 -39.061 -11.712 -43.097 -21.307 -50.457 -34.192 -65.494 -64.350
71.000 109.276 -11.197 -83.152 -38.933 -11.688 -42.553 -21.231 -49.632 -34.055 -63.019 -62.120
73.000 109.254 -11.167 -86.911 -38.358 -11.666 -41.559 -21.163 -47.765 -33.968 -58.181 -58.799
75.000 109.238 -11.162 -83.701 -38.052 -11.663 -40.768 -21.147 -46.806 -34.004 -57.792 -58.021
77.500 109.232 -11.197 -85.168 -37.338 -11.694 -40.737 -21.225 -47.401 -34.284 -60.572 -54.299
80.000 109.219 -11.260 -86.015 -37.397 -11.745 -41.054 -21.366 -47.785 -34.992 -62.237 -50.179
82.500 109.192 -11.317 -76.783 -37.750 -11.780 -40.991 -21.587 -47.987 -36.057 -64.603 -46.910
85.000 109.178 -11.413 -69.390 -37.891 -11.853 -41.289 -21.878 -48.568 -37.576 -66.369 -44.306
87.500 109.188 -11.557 -50.155 -37.315 -11.971 -41.412 -22.272 -49.197 -39.630 -65.853 -42.343
90.000 109.196 -11.723 -47.548 -36.666 -12.112 -41.367 -22.742 -49.649 -42.528 -65.809 -40.713
92.500 109.182 -11.863 -57.319 -37.951 -12.217 -41.237 -23.266 -50.181 -46.466 -63.373 -39.220
95.000 109.165 -11.979 -57.302 -38.781 -12.300 -41.938 -23.814 -51.122 -49.996 -60.372 -38.113
97.500 109.142 -12.201 -77.358 -39.157 -12.490 -43.443 -24.546 -52.738 -48.661 -59.554 -37.437
100.000 109.124 -12.485 -82.016 -38.590 -12.735 -44.429 -25.619 -54.028 -44.443 -58.902 -36.848
103.000 109.079 -12.807 -82.660 -39.023 -13.020 -45.335 -26.965 -55.569 -40.200 -59.850 -36.310
106.000 109.051 -13.106 -85.557 -40.372 -13.282 -43.540 -28.628 -53.400 -37.183 -54.281 -36.304
109.000 109.035 -13.526 -80.957 -38.951 -13.669 -43.303 -31.335 -52.231 -34.885 -55.117 -36.977
112.000 108.993 -14.038 -79.999 -37.566 -14.165 -43.786 -35.559 -52.819 -33.273 -55.900 -38.059
115.000 108.948 -14.631 -81.578 -36.883 -14.760 -43.118 -41.360 -50.620 -32.419 -53.895 -40.389
118.000 108.895 -15.303 -81.110 -37.347 -15.451 -41.343 -44.248 -47.698 -32.042 -52.761 -43.252
122.000 108.822 -16.443 -87.797 -36.612 -16.637 -40.755 -37.338 -46.922 -33.382 -52.098 -48.242
125.000 108.746 -17.363 -85.276 -38.500 -17.586 -42.679 -33.803 -48.418 -35.884 -51.773 -45.545
128.000 108.636 -18.342 -84.523 -44.597 -18.613 -43.900 -31.979 -50.619 -40.050 -51.911 -42.035
132.000 108.484 -20.134 -84.362 -49.197 -20.633 -44.338 -30.577 -49.964 -47.552 -50.293 -40.421
136.000 108.361 -22.367 -81.520 -44.322 -23.284 -42.389 -30.355 -47.148 -49.131 -51.423 -43.143
140.000 108.228 -25.325 -81.275 -42.501 -26.862 -41.052 -31.903 -47.827 -42.252 -52.023 -49.052
145.000 107.996 -30.396 -81.752 -43.065 -33.589 -41.121 -36.117 -50.369 -40.584 -55.553 -53.259
150.000 107.673 -37.478 -77.626 -45.208 -44.361 -44.915 -42.968 -55.491 -47.570 -53.126 -53.947
155.000 107.298 -46.252 -83.256 -51.717 -57.327 -54.135 -51.751 -57.082 -61.999 -59.678 -60.399
160.000 106.981 -48.285 -81.720 -49.224 -64.655 -66.783 -58.458 -61.437 -71.962 -73.072 -71.215
165.000 106.688 -46.576 -77.900 -46.802 -64.761 -68.319 -65.183 -65.657 -77.666 -81.390 -74.459
170.000 106.383 -47.696 -75.171 -47.876 -65.481 -67.322 -70.978 -69.905 -79.185 -82.707 -76.322
175.000 106.123 -49.994 -55.358 -50.211 -67.151 -68.575 -70.637 -73.973 -79.322 -81.004 -80.027
180.000 105.939 -50.723 -42.869 -51.429 -61.194 -66.001 -66.880 -75.657 -77.901 -88.787 -80.343
185.000 105.736 -49.792 -59.135 -49.999 -66.796 -68.222 -73.033 -74.279 -78.213 -80.762 -77.404
190.000 105.636 -48.491 -80.053 -48.631 -74.712 -65.637 -73.417 -72.425 -76.805 -79.767 -80.597
195.000 105.543 -46.423 -79.328 -46.647 -68.507 -61.798 -68.393 -68.789 -74.837 -80.367 -76.016
200.000 105.414 -48.084 -77.057 -49.665 -59.245 -55.481 -65.363 -65.527 -70.327 -77.176 -73.855
206.000 105.314 -44.319 -77.663 -50.797 -48.902 -49.544 -57.719 -57.736 -61.126 -66.800 -64.790
212.000 105.312 -38.270 -80.402 -44.480 -41.366 -48.546 -49.779 -50.669 -55.525 -54.873 -59.436
218.000 105.337 -36.036 -83.068 -43.298 -38.791 -50.254 -44.784 -50.159 -51.022 -50.946 -56.987
224.000 105.360 -35.111 -81.491 -43.371 -37.673 -49.077 -43.994 -48.660 -49.968 -49.125 -54.981
230.000 105.413 -34.622 -84.746 -42.608 -37.256 -49.310 -43.109 -49.838 -47.895 -50.508 -52.291
236.000 105.520 -34.811 -83.923 -42.581 -37.699 -47.441 -43.707 -48.347 -48.724 -49.394 -52.965
243.000 105.701 -35.645 -80.483 -45.215 -38.140 -49.103 -43.613 -51.490 -48.290 -52.518 -52.453
250.000 105.883 -36.076 -77.859 -45.428 -38.362 -52.714 -44.054 -54.422 -48.183 -55.100 -52.373
258.000 106.068 -36.351 -82.491 -43.158 -39.163 -52.304 -45.326 -52.297 -49.499 -53.031 -53.211
265.000 106.215 -36.784 -51.592 -41.318 -40.277 -52.163 -47.483 -53.126 -51.386 -55.595 -54.924
272.000 106.352 -38.736 -44.539 -42.572 -42.874 -50.708 -51.474 -55.485 -52.995 -61.739 -55.604
280.000 106.522 -39.616 -79.077 -43.851 -44.291 -49.773 -50.646 -53.151 -53.975 -58.687 -58.364
290.000 106.674 -39.265 -77.786 -42.671 -44.614 -48.063 -54.823 -51.680 -58.157 -57.343 -61.330
300.000 106.810 -42.028 -81.811 -47.006 -45.502 -54.469 -57.112 -55.181 -55.455 -56.469 -60.271
307.000 106.889 -42.828 -79.160 -48.138 -47.184 -55.368 -52.965 -55.178 -53.728 -58.041 -60.636
315.000 106.992 -41.136 -82.074 -45.400 -45.116 -53.473 -56.331 -53.207 -57.355 -55.190 -60.507
325.000 107.085 -38.993 -79.665 -42.196 -43.456 -52.804 -52.340 -54.960 -56.334 -57.201 -56.646
335.000 107.176 -36.857 -82.820 -39.639 -41.905 -50.084 -49.383 -54.069 -54.688 -55.443 -58.215
345.000 107.261 -35.526 -81.440 -38.030 -41.605 -46.060 -50.568 -49.381 -56.815 -52.259 -62.464
355.000 107.346 -34.831 -64.391 -37.173 -42.002 -44.308 -51.028 -47.650 -55.877 -50.693 -61.309
365.000 107.415 -34.971 -55.238 -37.476 -42.314 -43.819 -50.494 -47.722 -54.557 -50.303 -61.926
375.000 107.481 -35.586 -82.465 -38.320 -43.136 -43.671 -49.989 -48.565 -53.569 -50.609 -62.770
387.000 107.561 -36.475 -79.415 -39.412 -44.932 -43.279 -50.385 -50.041 -52.382 -52.263 -61.249
400.000 107.605 -36.352 -79.448 -40.317 -44.871 -42.683 -47.166 -50.516 -49.196 -49.832 -57.740
412.000 107.650 -35.382 -83.628 -39.683 -44.158 -42.124 -44.379 -51.428 -47.150 -48.157 -53.919
425.000 107.739 -35.253 -79.765 -38.974 -43.496 -43.679 -44.602 -50.197 -46.563 -52.034 -49.363
437.000 107.803 -34.881 -79.619 -39.782 -41.437 -46.112 -41.845 -53.887 -44.748 -53.228 -48.020
450.000 107.842 -33.892 -44.284 -40.839 -38.894 -47.580 -40.419 -56.705 -42.159 -56.736 -46.323
462.000 107.871 -32.987 -81.060 -40.996 -37.322 -46.963 -39.438 -55.676 -41.254 -58.664 -46.014
475.000 107.900 -32.602 -77.313 -40.272 -37.424 -47.874 -38.196 -51.946 -41.383 -57.934 -45.869
487.000 107.914 -32.762 -83.651 -42.590 -37.509 -45.794 -37.815 -51.916 -41.465 -56.735 -45.973
500.000 107.909 -32.718 -78.270 -48.826 -37.065 -45.729 -37.848 -54.561 -39.373 -56.157 -48.933
515.000 107.926 -32.289 -81.849 -53.747 -36.864 -48.520 -36.565 -57.828 -39.019 -55.134 -48.069
530.000 107.960 -31.679 -79.256 -55.095 -35.740 -50.601 -36.176 -58.375 -38.557 -56.464 -47.820
545.000 107.991 -31.073 -61.141 -54.055 -34.904 -52.641 -35.500 -60.042 -38.183 -59.816 -49.020
560.000 108.003 -30.708 -79.972 -52.927 -34.490 -52.114 -34.878 -64.043 -38.502 -61.621 -48.163
580.000 108.014 -30.318 -80.892 -49.102 -33.915 -46.448 -34.733 -57.965 -39.021 -57.482 -46.273
600.000 108.034 -30.105 -78.947 -50.985 -33.289 -46.372 -34.946 -54.034 -38.976 -61.056 -46.103
615.000 108.040 -30.118 -79.929 -53.952 -33.542 -45.479 -34.632 -55.966 -38.882 -59.275 -46.720
630.000 108.037 -29.932 -44.677 -48.417 -33.464 -43.573 -34.695 -55.036 -38.513 -55.297 -46.804
650.000 108.044 -29.798 -81.456 -46.178 -33.235 -43.344 -34.849 -55.984 -38.225 -55.548 -47.165
670.000 108.041 -29.798 -79.795 -44.668 -33.089 -43.880 -35.131 -58.457 -38.145 -59.898 -47.202
690.000 108.029 -30.276 -81.543 -47.400 -33.760 -44.302 -35.176 -59.229 -38.697 -61.763 -46.602
710.000 108.018 -30.673 -80.638 -50.450 -34.404 -45.010 -35.172 -58.496 -39.048 -56.272 -46.794
730.000 108.010 -30.741 -80.943 -45.558 -34.220 -45.650 -35.992 -58.552 -38.848 -58.845 -46.049
750.000 108.004 -30.888 -78.995 -43.040 -33.952 -47.296 -37.214 -55.562 -39.253 -60.726 -44.951
775.000 107.983 -31.388 -79.533 -42.216 -34.284 -49.907 -38.335 -51.572 -40.392 -64.441 -44.211
800.000 107.952 -32.268 -76.462 -41.525 -35.333 -52.732 -39.502 -50.501 -41.757 -65.351 -44.384
825.000 107.901 -33.717 -82.063 -43.351 -36.718 -52.212 -41.076 -49.068 -43.973 -57.235 -45.624
850.000 107.833 -35.645 -77.063 -42.137 -39.353 -56.476 -43.900 -50.060 -46.936 -56.458 -46.979
875.000 107.743 -39.288 -78.329 -44.580 -45.158 -55.608 -45.988 -54.290 -49.957 -55.736 -50.939
900.000 107.639 -40.870 -52.412 -44.525 -47.531 -50.988 -51.633 -53.532 -53.826 -57.744 -54.175
925.000 107.533 -39.685 -78.338 -41.638 -50.441 -48.543 -58.019 -51.993 -55.108 -61.204 -53.782
950.000 107.418 -38.975 -75.694 -40.518 -51.628 -48.238 -57.510 -52.260 -53.748 -62.605 -54.547
975.000 107.301 -38.727 -78.242 -40.231 -51.674 -47.885 -57.622 -52.504 -53.595 -61.034 -54.389
1000.000 107.180 -38.866 -76.297 -39.887 -55.291 -48.939 -54.896 -56.160 -55.044 -58.605 -58.818
1030.000 107.031 -39.401 -80.322 -40.100 -59.792 -52.147 -52.085 -62.003 -59.196 -58.216 -64.006
1060.000 106.898 -41.517 -77.998 -42.135 -59.799 -55.516 -54.640 -64.858 -62.449 -60.160 -66.817
1090.000 106.784 -46.666 -72.269 -47.092 -63.411 -62.688 -64.553 -67.029 -69.231 -66.476 -68.953
1120.000 106.661 -48.725 -76.618 -49.152 -63.769 -66.795 -66.925 -69.808 -71.870 -69.229 -68.705
1150.000 106.506 -48.981 -73.829 -49.421 -63.427 -67.613 -67.972 -70.529 -72.756 -68.369 -68.342
1180.000 106.354 -48.879 -71.897 -49.279 -63.064 -68.053 -69.409 -69.177 -72.587 -69.834 -70.378
1220.000 106.152 -48.678 -74.384 -49.112 -62.191 -68.736 -69.486 -70.525 -70.104 -70.960 -67.605
1250.000 106.008 -48.703 -73.332 -49.141 -62.969 -69.112 -69.362 -68.219 -67.966 -69.933 -68.582
1280.000 105.870 -48.812 -73.164 -49.399 -61.180 -69.741 -68.906 -66.465 -67.831 -69.088 -68.176
1320.000 105.695 -49.123 -76.769 -49.730 -61.964 -69.326 -67.221 -68.843 -69.277 -66.724 -67.129
1360.000 105.532 -49.284 -71.736 -49.978 -61.983 -67.239 -66.712 -69.668 -68.115 -65.534 -67.808
1400.000 105.379 -49.049 -75.141 -49.699 -62.839 -67.343 -68.115 -67.658 -66.598 -66.131 -66.237
1450.000 105.200 -48.983 -71.660 -49.615 -62.881 -68.514 -66.260 -69.081 -67.644 -65.989 -65.650
1500.000 105.030 -49.206 -74.236 -49.954 -63.599 -66.244 -67.480 -66.385 -67.568 -65.006 -64.887
1550.000 104.863 -49.009 -71.999 -49.717 -65.306 -65.694 -69.173 -64.521 -66.639 -65.889 -64.261
1600.000 104.702 -48.782 -73.605 -49.617 -63.987 -65.862 -68.497 -66.062 -66.403 -63.817 -62.046
1650.000 104.542 -49.074 -72.439 -49.981 -64.480 -65.137 -66.648 -64.358 -64.002 -64.889 -64.397
1700.000 104.382 -48.844 -69.618 -49.929 -63.784 -66.302 -67.184 -65.224 -63.305 -61.260 -62.803
1750.000 104.225 -48.755 -71.610 -49.894 -62.877 -65.692 -66.258 -65.432 -64.231 -61.688 -61.482
1800.000 104.062 -48.742 -62.286 -49.911 -62.790 -65.465 -66.312 -63.838 -64.341 -62.258 -61.339
1850.000 103.895 -48.303 -69.481 -49.605 -62.399 -66.209 -66.350 -63.655 -63.878 -59.944 -60.325
1900.000 103.724 -48.202 -67.454 -49.874 -61.531 -63.581 -66.115 -63.075 -63.161 -58.897 -59.269
1950.000 103.539 -48.590 -71.164 -50.444 -62.296 -64.225 -64.780 -63.689 -61.828 -60.000 -58.468
2000.000 103.339 -48.337 -70.842 -50.310 -63.191 -64.708 -63.617 -63.217 -61.031 -59.631 -57.573
2060.000 103.086 -47.704 -64.706 -49.824 -63.110 -63.904 -63.595 -62.057 -60.121 -57.919 -56.969
2120.000 102.818 -47.767 -66.801 -50.190 -64.364 -62.816 -62.475 -60.600 -59.300 -58.837 -56.303
2180.000 102.530 -46.910 -68.152 -49.437 -63.782 -63.029 -62.193 -59.213 -60.999 -57.163 -54.498
